1 1645934841.11
2 1645934841.6
3 1645934842.12
4 1645934842.6
5 1645934843.1
6 1645934843.61
7 1645934844.11
8 1645934844.61
9 1645934845.1
10 1645934845.6
11 1645934846.1
12 1645934846.6
13 1645934847.1
14 1645934847.6
15 1645934848.1
16 1645934848.6
17 1645934849.1
18 1645934849.61
19 1645934850.1
20 1645934850.6
21 1645934851.1
22 1645934851.6
23 1645934852.1
24 1645934852.6
25 1645934853.1
26 1645934853.6
27 1645934854.1
28 1645934854.61
29 1645934855.11
30 1645934855.61
31 1645934856.1
32 1645934856.61
33 1645934857.1
34 1645934857.6
35 1645934858.1
36 1645934858.6
37 1645934859.11
38 1645934859.6
39 1645934860.1
40 1645934860.6
41 1645934861.11
42 1645934861.6
43 1645934862.1
44 1645934862.61
45 1645934863.09
46 1645934863.6
47 1645934864.1
48 1645934864.6
49 1645934865.1
50 1645934865.6
51 1645934866.1
52 1645934866.6
53 1645934867.1
54 1645934867.6
