1 1645934841.110000 39906.174675 39997.988533 0.348822 0.000000 0.000000 -0.706384 0.707829
2 1645934841.600000 39906.231971 39997.988602 0.346693 0.000520 -0.000520 -0.706376 0.707837
3 1645934842.120000 39906.946778 39997.990028 0.345220 0.000863 -0.000864 -0.706379 0.707833
4 1645934842.600000 39908.058717 39997.992135 0.345994 0.000666 -0.000673 -0.706488 0.707725
5 1645934843.100000 39909.565600 39997.994433 0.346100 0.000626 -0.000632 -0.706622 0.707590
6 1645934843.610000 39911.551099 39997.996757 0.346516 0.000500 -0.000509 -0.706750 0.707463
7 1645934844.110000 39913.749740 39997.998680 0.346625 0.000464 -0.000469 -0.706826 0.707387
8 1645934844.610000 39916.200488 39998.000439 0.347744 0.000208 -0.000212 -0.706870 0.707344
9 1645934845.100000 39918.822005 39998.002154 0.347012 0.000389 -0.000387 -0.706843 0.707370
10 1645934845.600000 39921.745330 39998.004431 0.346541 0.000478 -0.000469 -0.706761 0.707452
11 1645934846.100000 39924.879824 39998.007789 0.347214 0.000306 -0.000291 -0.706633 0.707581
12 1645934846.600000 39928.217566 39998.012807 0.347367 0.000251 -0.000230 -0.706448 0.707765
13 1645934847.100000 39931.725840 39998.020000 0.347060 0.000313 -0.000287 -0.706232 0.707981
14 1645934847.600000 39935.402609 39998.029803 0.347313 0.000233 -0.000209 -0.706026 0.708185
15 1645934848.100000 39939.330761 39998.042506 0.346255 0.000460 -0.000434 -0.705815 0.708396
16 1645934848.600000 39943.465921 39998.058079 0.347446 0.000147 -0.000133 -0.705691 0.708520
17 1645934849.100000 39947.663778 39998.075142 0.347605 0.000096 -0.000092 -0.705630 0.708581
18 1645934849.610000 39952.002902 39998.093234 0.347547 0.000097 -0.000106 -0.705645 0.708566
19 1645934850.100000 39956.242811 39998.110428 0.347363 0.000127 -0.000148 -0.705735 0.708476
20 1645934850.600000 39960.649735 39998.126870 0.347424 0.000096 -0.000129 -0.705903 0.708308
21 1645934851.100000 39965.115807 39998.141206 0.347477 0.000072 -0.000114 -0.706121 0.708091
22 1645934851.600000 39969.632269 39998.152751 0.347566 0.000040 -0.000090 -0.706386 0.707827
23 1645934852.100000 39974.152986 39998.160917 0.347976 -0.000060 0.000010 -0.706657 0.707557
24 1645934852.600000 39978.653061 39998.165674 0.347925 -0.000045 -0.000004 -0.706913 0.707301
25 1645934853.100000 39983.119143 39998.167187 0.347981 -0.000051 0.000007 -0.707152 0.707062
26 1645934853.600000 39987.580305 39998.165801 0.347921 -0.000034 -0.000004 -0.707356 0.706858
27 1645934854.100000 39992.024802 39998.161967 0.348001 -0.000048 0.000015 -0.707530 0.706684
28 1645934854.610000 39996.557406 39998.156020 0.347684 0.000033 -0.000057 -0.707651 0.706562
29 1645934855.110000 40000.963287 39998.148900 0.348490 -0.000154 0.000136 -0.707737 0.706476
30 1645934855.610000 40005.241152 39998.141102 0.348798 -0.000210 0.000198 -0.707790 0.706423
31 1645934856.100000 40009.321155 39998.133169 0.348654 -0.000161 0.000153 -0.707811 0.706402
32 1645934856.610000 40013.435318 39998.124958 0.348813 -0.000181 0.000176 -0.707822 0.706391
33 1645934857.100000 40017.266930 39998.117257 0.348851 -0.000178 0.000174 -0.707819 0.706394
34 1645934857.600000 40021.050651 39998.109673 0.348979 -0.000194 0.000191 -0.707819 0.706394
35 1645934858.100000 40024.693708 39998.102398 0.349119 -0.000214 0.000211 -0.707816 0.706397
36 1645934858.600000 40028.189364 39998.095440 0.349181 -0.000214 0.000211 -0.707815 0.706398
37 1645934859.110000 40031.604078 39998.088647 0.349232 -0.000213 0.000210 -0.707816 0.706397
38 1645934859.600000 40034.744035 39998.082391 0.349280 -0.000211 0.000208 -0.707817 0.706396
39 1645934860.100000 40037.798865 39998.076297 0.349447 -0.000238 0.000237 -0.707815 0.706398
40 1645934860.600000 40040.638138 39998.070693 0.350793 -0.000545 0.000543 -0.707827 0.706386
41 1645934861.110000 40043.280119 39998.065455 0.349559 -0.000233 0.000234 -0.707797 0.706416
42 1645934861.600000 40045.627197 39998.060993 0.350237 -0.000438 0.000438 -0.707782 0.706430
43 1645934862.100000 40047.790477 39998.056961 0.349998 -0.000351 0.000352 -0.707762 0.706451
44 1645934862.610000 40049.739152 39998.053439 0.349784 -0.000282 0.000285 -0.707737 0.706476
45 1645934863.090000 40051.405935 39998.050602 0.349776 -0.000271 0.000276 -0.707678 0.706535
46 1645934863.600000 40052.984266 39998.048253 0.349910 -0.000295 0.000300 -0.707591 0.706622
47 1645934864.100000 40054.329286 39998.046585 0.349965 -0.000300 0.000304 -0.707509 0.706704
48 1645934864.600000 40055.473495 39998.045412 0.349979 -0.000298 0.000300 -0.707445 0.706769
49 1645934865.100000 40056.429886 39998.044589 0.349799 -0.000250 0.000250 -0.707405 0.706808
50 1645934865.600000 40057.226155 39998.043966 0.349751 -0.000234 0.000235 -0.707377 0.706836
51 1645934866.100000 40057.869126 39998.043521 0.349727 -0.000225 0.000226 -0.707347 0.706867
52 1645934866.600000 40058.360673 39998.043167 0.350007 -0.000292 0.000293 -0.707307 0.706907
53 1645934867.100000 40058.405184 39998.043137 0.349845 -0.000247 0.000246 -0.707302 0.706912
54 1645934867.600000 40058.405098 39998.043137 0.348847 -0.000007 0.000007 -0.707302 0.706912
