1 1645934797.6
2 1645934798.1
3 1645934798.61
4 1645934799.1
5 1645934799.61
6 1645934800.1
7 1645934800.61
8 1645934801.1
9 1645934801.61
10 1645934802.1
11 1645934802.6
12 1645934803.1
13 1645934803.6
14 1645934804.1
15 1645934804.61
16 1645934805.11
17 1645934805.6
18 1645934806.12
19 1645934806.61
20 1645934807.1
21 1645934807.59
22 1645934808.1
23 1645934808.6
24 1645934809.1
25 1645934809.61
26 1645934810.1
27 1645934810.61
28 1645934811.1
29 1645934811.6
30 1645934812.11
31 1645934812.61
32 1645934813.11
33 1645934813.6
34 1645934814.11
35 1645934814.6
36 1645934815.1
