1 1645934797.600000 39796.099023 39998.384155 0.348464 0.000926 -0.000920 -0.704889 0.709316
2 1645934798.100000 39796.548556 39998.386930 0.344808 0.001806 -0.001797 -0.704891 0.709311
3 1645934798.610000 39797.578199 39998.393187 0.346102 0.001476 -0.001488 -0.705054 0.709151
4 1645934799.100000 39798.961335 39998.400534 0.354077 0.000477 -0.000490 -0.705398 0.708812
5 1645934799.610000 39800.822687 39998.408642 0.353020 0.000597 -0.000617 -0.705742 0.708468
6 1645934800.100000 39802.896380 39998.415844 0.354267 -0.000664 0.000637 -0.706039 0.708172
7 1645934800.610000 39805.335779 39998.422333 0.346522 0.000360 -0.000384 -0.706325 0.707888
8 1645934801.100000 39807.884616 39998.427183 0.346668 0.000469 -0.000492 -0.706557 0.707655
9 1645934801.610000 39810.811284 39998.430838 0.345282 0.000779 -0.000802 -0.706774 0.707439
10 1645934802.100000 39813.951341 39998.433062 0.347542 0.000200 -0.000225 -0.706977 0.707236
11 1645934802.600000 39817.241797 39998.433675 0.347798 0.000131 -0.000152 -0.707137 0.707076
12 1645934803.100000 39820.638109 39998.432795 0.347812 0.000115 -0.000141 -0.707311 0.706903
13 1645934803.600000 39824.155589 39998.430006 0.347162 0.000256 -0.000291 -0.707531 0.706682
14 1645934804.100000 39827.817207 39998.424463 0.347722 0.000098 -0.000151 -0.707875 0.706338
15 1645934804.610000 39831.619105 39998.414520 0.347708 0.000083 -0.000158 -0.708362 0.705849
16 1645934805.110000 39835.422556 39998.398733 0.347750 0.000053 -0.000151 -0.709009 0.705200
17 1645934805.600000 39839.154977 39998.376065 0.348810 -0.000212 0.000097 -0.709779 0.704424
18 1645934806.120000 39842.967427 39998.343969 0.349112 -0.000269 0.000157 -0.710642 0.703554
19 1645934806.610000 39846.414216 39998.306896 0.349172 -0.000266 0.000161 -0.711420 0.702767
20 1645934807.100000 39849.720451 39998.263850 0.349222 -0.000261 0.000163 -0.712217 0.701960
21 1645934807.590000 39852.888061 39998.216174 0.349269 -0.000233 0.000188 -0.712676 0.701494
22 1645934808.100000 39856.030334 39998.165594 0.349519 -0.000269 0.000246 -0.712936 0.701229
23 1645934808.600000 39858.905570 39998.117802 0.350310 -0.000427 0.000433 -0.712986 0.701179
24 1645934809.100000 39861.527545 39998.074470 0.350569 -0.000516 0.000544 -0.712832 0.701334
25 1645934809.610000 39863.920978 39998.036429 0.349489 -0.000227 0.000264 -0.712483 0.701690
26 1645934810.100000 39866.067560 39998.004762 0.349711 -0.000260 0.000306 -0.712022 0.702157
27 1645934810.610000 39868.047918 39997.978417 0.349896 -0.000290 0.000334 -0.711470 0.702717
28 1645934811.100000 39869.770421 39997.958301 0.349724 -0.000240 0.000284 -0.710879 0.703314
29 1645934811.600000 39871.345943 39997.942592 0.349879 -0.000272 0.000309 -0.710285 0.703914
30 1645934812.110000 39872.750796 39997.930990 0.349941 -0.000282 0.000313 -0.709694 0.704510
31 1645934812.610000 39873.927304 39997.923280 0.349967 -0.000282 0.000312 -0.709065 0.705143
32 1645934813.110000 39874.912444 39997.918632 0.349842 -0.000264 0.000258 -0.708553 0.705657
33 1645934813.600000 39875.721010 39997.915617 0.349739 -0.000223 0.000241 -0.708229 0.705982
34 1645934814.110000 39876.407458 39997.913894 0.349714 -0.000213 0.000232 -0.707694 0.706519
35 1645934814.600000 39876.924303 39997.913334 0.349704 -0.000211 0.000225 -0.707062 0.707151
36 1645934815.100000 39877.126787 39997.913445 0.351641 -0.000689 0.000670 -0.706765 0.707448
