1 1645934984.61
2 1645934985.1
3 1645934985.6
4 1645934986.11
5 1645934986.61
6 1645934987.1
7 1645934987.6
8 1645934988.11
9 1645934988.6
10 1645934989.1
11 1645934989.6
12 1645934990.1
13 1645934990.6
14 1645934991.1
15 1645934991.61
16 1645934992.1
17 1645934992.6
18 1645934993.11
19 1645934993.61
20 1645934994.1
21 1645934994.6
22 1645934995.1
23 1645934995.61
24 1645934996.1
25 1645934996.6
26 1645934997.11
27 1645934997.61
28 1645934998.1
29 1645934998.6
30 1645934999.11
31 1645934999.6
32 1645935000.1
33 1645935000.6
34 1645935001.1
35 1645935001.61
36 1645935002.1
37 1645935002.6
38 1645935003.1
39 1645935003.6
40 1645935004.1
41 1645935004.6
42 1645935005.1
43 1645935005.6
44 1645935006.1
45 1645935006.6
46 1645935007.11
47 1645935007.6
48 1645935008.1
49 1645935008.6
50 1645935009.1
51 1645935009.6
52 1645935010.1
53 1645935010.6
54 1645935011.11
55 1645935011.6
56 1645935012.11
57 1645935012.6
58 1645935013.11
59 1645935013.6
60 1645935014.1
