1 1645934984.610000 39905.871307 39994.243729 0.348822 0.000000 0.000000 -0.705954 0.708258
2 1645934985.100000 39906.095708 39994.244309 0.344742 0.000989 -0.000985 -0.705908 0.708302
3 1645934985.600000 39906.989028 39994.247280 0.345808 0.000719 -0.000717 -0.705913 0.708298
4 1645934986.110000 39908.271681 39994.251494 0.346466 0.000549 -0.000549 -0.705950 0.708262
5 1645934986.610000 39909.967561 39994.256897 0.346396 0.000546 -0.000547 -0.705985 0.708227
6 1645934987.100000 39911.981215 39994.263119 0.347236 0.000323 -0.000327 -0.706038 0.708174
7 1645934987.600000 39914.257121 39994.269809 0.346779 0.000421 -0.000423 -0.706074 0.708138
8 1645934988.110000 39916.812405 39994.277094 0.347638 0.000275 -0.000284 -0.706138 0.708075
9 1645934988.600000 39919.542827 39994.284415 0.347346 0.000293 -0.000300 -0.706174 0.708038
10 1645934989.100000 39922.555315 39994.292134 0.347634 0.000202 -0.000209 -0.706225 0.707987
11 1645934989.600000 39925.749191 39994.299870 0.347294 0.000266 -0.000276 -0.706276 0.707936
12 1645934990.100000 39929.132901 39994.307512 0.347036 0.000312 -0.000323 -0.706342 0.707871
13 1645934990.600000 39932.686442 39994.314873 0.347359 0.000217 -0.000230 -0.706417 0.707796
14 1645934991.100000 39936.401943 39994.321826 0.346972 0.000295 -0.000307 -0.706478 0.707735
15 1645934991.610000 39940.533850 39994.328785 0.346728 0.000309 -0.000333 -0.706585 0.707628
16 1645934992.100000 39944.621348 39994.334163 0.347569 0.000094 -0.000119 -0.706731 0.707483
17 1645934992.600000 39948.846550 39994.338200 0.347595 0.000081 -0.000105 -0.706853 0.707361
18 1645934993.110000 39953.217626 39994.340811 0.347459 0.000107 -0.000130 -0.706973 0.707241
19 1645934993.610000 39957.583131 39994.341910 0.347387 0.000112 -0.000141 -0.707115 0.707099
20 1645934994.100000 39961.929084 39994.341215 0.347459 0.000090 -0.000112 -0.707237 0.706977
21 1645934994.600000 39966.417884 39994.339101 0.347473 0.000080 -0.000102 -0.707343 0.706871
22 1645934995.100000 39970.945227 39994.335828 0.347789 -0.000005 -0.000023 -0.707449 0.706765
23 1645934995.610000 39975.539405 39994.330858 0.347944 -0.000034 0.000016 -0.707541 0.706672
24 1645934996.100000 39979.932732 39994.325163 0.347992 -0.000043 0.000025 -0.707618 0.706595
25 1645934996.600000 39984.393306 39994.318428 0.347876 -0.000010 -0.000004 -0.707676 0.706537
26 1645934997.110000 39988.933425 39994.311246 0.347865 0.000002 0.000002 -0.707625 0.706588
27 1645934997.610000 39993.370881 39994.304610 0.347943 -0.000023 0.000010 -0.707670 0.706543
28 1645934998.100000 39997.714776 39994.298340 0.347833 0.000020 -0.000001 -0.707487 0.706726
29 1645934998.600000 40002.072710 39994.294260 0.348750 -0.000195 0.000208 -0.707346 0.706868
30 1645934999.110000 40006.368611 39994.291871 0.348763 -0.000165 0.000212 -0.707109 0.707105
31 1645934999.600000 40010.381254 39994.292392 0.348781 -0.000164 0.000194 -0.706971 0.707242
32 1645935000.100000 40014.363579 39994.295249 0.348804 -0.000153 0.000191 -0.706660 0.707553
33 1645935000.600000 40018.220002 39994.301169 0.348934 -0.000183 0.000196 -0.706450 0.707763
34 1645935001.100000 40021.939514 39994.308027 0.349027 -0.000183 0.000212 -0.706346 0.707867
35 1645935001.610000 40025.587716 39994.316769 0.349144 -0.000190 0.000233 -0.706021 0.708191
36 1645935002.100000 40028.949231 39994.327336 0.349203 -0.000217 0.000207 -0.706009 0.708203
37 1645935002.600000 40032.235801 39994.337596 0.349252 -0.000210 0.000211 -0.705969 0.708243
38 1645935003.100000 40035.377450 39994.347949 0.349382 -0.000215 0.000243 -0.705793 0.708418
39 1645935003.600000 40038.358274 39994.359076 0.349528 -0.000253 0.000249 -0.705823 0.708388
40 1645935004.100000 40041.081557 39994.369161 0.350358 -0.000430 0.000426 -0.705806 0.708405
41 1645935004.600000 40043.571231 39994.378407 0.349426 -0.000263 0.000268 -0.705774 0.708437
42 1645935005.100000 40045.843516 39994.387149 0.349948 -0.000337 0.000353 -0.705673 0.708538
43 1645935005.600000 40047.854535 39994.395762 0.350193 -0.000384 0.000390 -0.705526 0.708684
44 1645935006.100000 40049.661292 39994.404146 0.349698 -0.000254 0.000263 -0.705407 0.708802
45 1645935006.600000 40051.290936 39994.412238 0.349829 -0.000271 0.000290 -0.705209 0.709000
46 1645935007.110000 40052.752333 39994.420650 0.349940 -0.000291 0.000308 -0.704885 0.709321
47 1645935007.600000 40053.959329 39994.428560 0.349968 -0.000300 0.000299 -0.704746 0.709460
48 1645935008.100000 40054.996493 39994.435757 0.349935 -0.000284 0.000287 -0.704559 0.709645
49 1645935008.600000 40055.862978 39994.442098 0.349749 -0.000235 0.000236 -0.704484 0.709720
50 1645935009.100000 40056.576682 39994.447494 0.349723 -0.000224 0.000227 -0.704375 0.709828
51 1645935009.600000 40057.142507 39994.451989 0.349710 -0.000219 0.000220 -0.704267 0.709935
52 1645935010.100000 40057.452105 39994.454395 0.352869 -0.000991 0.000978 -0.704169 0.710032
53 1645935010.600000 40057.451733 39994.454395 0.349077 -0.000063 0.000062 -0.704168 0.710034
54 1645935011.110000 40057.451729 39994.454395 0.348825 -0.000001 0.000001 -0.704167 0.710034
55 1645935011.600000 40057.451729 39994.454395 0.348822 0.000000 0.000000 -0.704167 0.710034
56 1645935012.110000 40057.451729 39994.454395 0.348822 0.000000 0.000000 -0.704168 0.710034
57 1645935012.600000 40057.451729 39994.454395 0.348822 0.000000 0.000000 -0.704167 0.710034
58 1645935013.110000 40057.451729 39994.454395 0.348822 0.000000 0.000000 -0.704167 0.710034
59 1645935013.600000 40057.451729 39994.454395 0.348822 0.000000 0.000000 -0.704167 0.710034
60 1645935014.100000 40057.451729 39994.454395 0.348822 0.000000 0.000000 -0.704167 0.710034
