1 1645935289.6
2 1645935290.11
3 1645935290.6
4 1645935291.09
5 1645935291.61
6 1645935292.1
7 1645935292.6
8 1645935293.1
9 1645935293.61
10 1645935294.11
11 1645935294.61
12 1645935295.1
13 1645935295.6
14 1645935296.1
15 1645935296.6
16 1645935297.11
17 1645935297.61
18 1645935298.1
19 1645935298.6
20 1645935299.1
21 1645935299.6
22 1645935300.1
23 1645935300.6
24 1645935301.1
25 1645935301.6
26 1645935302.1
27 1645935302.6
28 1645935303.1
29 1645935303.6
30 1645935304.1
31 1645935304.6
32 1645935305.1
33 1645935305.6
34 1645935306.11
35 1645935306.6
36 1645935307.1
37 1645935307.6
38 1645935308.1
39 1645935308.6
40 1645935309.1
