1 1645935289.600000 39892.779686 40002.046570 0.348822 0.000000 0.000000 0.704599 0.709605
2 1645935290.110000 39892.642652 40002.047602 0.345279 0.000864 0.000858 0.704618 0.709586
3 1645935290.600000 39891.844604 40002.053246 0.345479 0.000801 0.000798 0.704649 0.709555
4 1645935291.090000 39890.668410 40002.061278 0.346336 0.000580 0.000584 0.704776 0.709429
5 1645935291.610000 39889.020836 40002.071858 0.345974 0.000652 0.000656 0.704938 0.709269
6 1645935292.100000 39887.053243 40002.083620 0.346998 0.000381 0.000389 0.705089 0.709119
7 1645935292.600000 39884.822497 40002.095981 0.346701 0.000439 0.000451 0.705260 0.708949
8 1645935293.100000 39882.354124 40002.108386 0.347798 0.000237 0.000250 0.705447 0.708763
9 1645935293.610000 39879.571106 40002.120813 0.347693 0.000209 0.000226 0.705665 0.708545
10 1645935294.110000 39876.522362 40002.132577 0.346694 0.000414 0.000436 0.705900 0.708311
11 1645935294.610000 39873.300565 40002.142983 0.347853 0.000126 0.000144 0.706084 0.708128
12 1645935295.100000 39870.047395 40002.151855 0.347356 0.000237 0.000254 0.706261 0.707952
13 1645935295.600000 39866.558367 40002.159751 0.347335 0.000229 0.000242 0.706399 0.707814
14 1645935296.100000 39862.918254 40002.166687 0.347572 0.000157 0.000167 0.706510 0.707703
15 1645935296.600000 39859.202520 40002.172760 0.347806 0.000095 0.000100 0.706576 0.707638
16 1645935297.110000 39855.343953 40002.178419 0.347669 0.000124 0.000125 0.706617 0.707596
17 1645935297.610000 39851.497249 40002.183729 0.347995 0.000040 0.000036 0.706616 0.707597
18 1645935298.100000 39847.800915 40002.188940 0.349014 -0.000195 -0.000204 0.706576 0.707637
19 1645935298.600000 39844.176043 40002.194476 0.349133 -0.000208 -0.000219 0.706524 0.707690
20 1645935299.100000 39840.698712 40002.200413 0.349187 -0.000206 -0.000219 0.706448 0.707765
21 1645935299.600000 39837.367232 40002.206841 0.349237 -0.000205 -0.000218 0.706365 0.707848
22 1645935300.100000 39834.179745 40002.213756 0.349284 -0.000203 -0.000216 0.706282 0.707931
23 1645935300.600000 39831.140814 40002.221048 0.349486 -0.000240 -0.000251 0.706205 0.708008
24 1645935301.100000 39828.300392 40002.228406 0.350234 -0.000407 -0.000414 0.706139 0.708074
25 1645935301.600000 39825.710294 40002.235549 0.349851 -0.000366 -0.000370 0.706101 0.708111
26 1645935302.100000 39823.344339 40002.242253 0.350370 -0.000459 -0.000460 0.706080 0.708132
27 1645935302.600000 39821.220073 40002.248363 0.349711 -0.000279 -0.000279 0.706082 0.708130
28 1645935303.100000 39819.319079 40002.253814 0.349799 -0.000288 -0.000286 0.706090 0.708122
29 1645935303.600000 39817.594954 40002.258690 0.349753 -0.000268 -0.000266 0.706114 0.708098
30 1645935304.100000 39816.057026 40002.262918 0.349882 -0.000291 -0.000289 0.706144 0.708068
31 1645935304.600000 39814.715158 40002.266467 0.349947 -0.000299 -0.000297 0.706180 0.708032
32 1645935305.100000 39813.570613 40002.269384 0.349947 -0.000292 -0.000290 0.706217 0.707995
33 1645935305.600000 39812.609571 40002.271726 0.349780 -0.000245 -0.000245 0.706241 0.707971
34 1645935306.110000 39811.790920 40002.273682 0.349736 -0.000231 -0.000230 0.706261 0.707951
35 1645935306.600000 39811.151201 40002.275178 0.349707 -0.000221 -0.000220 0.706283 0.707930
36 1645935307.100000 39810.642680 40002.276326 0.349715 -0.000221 -0.000220 0.706306 0.707907
37 1645935307.600000 39810.488318 40002.276672 0.350997 -0.000522 -0.000522 0.706315 0.707898
38 1645935308.100000 39810.488464 40002.276672 0.348895 -0.000019 -0.000019 0.706315 0.707898
39 1645935308.600000 39810.488464 40002.276672 0.348823 -0.000001 -0.000000 0.706315 0.707898
40 1645935309.100000 39810.488464 40002.276672 0.348822 0.000000 0.000000 0.706315 0.707898
