1 1645935466.11
2 1645935466.6
3 1645935467.11
4 1645935467.61
5 1645935468.11
6 1645935468.61
7 1645935469.11
8 1645935469.6
9 1645935470.11
10 1645935470.61
11 1645935471.1
12 1645935471.61
13 1645935472.11
14 1645935472.61
15 1645935473.1
16 1645935473.6
17 1645935474.1
18 1645935474.6
19 1645935475.1
20 1645935475.6
21 1645935476.1
22 1645935476.61
23 1645935477.11
24 1645935477.6
25 1645935478.1
26 1645935478.6
27 1645935479.11
28 1645935479.6
29 1645935480.1
30 1645935480.6
31 1645935481.1
32 1645935481.6
33 1645935482.1
34 1645935482.6
35 1645935483.11
36 1645935483.6
37 1645935484.11
38 1645935484.6
39 1645935485.11
40 1645935485.6
41 1645935486.1
42 1645935486.6
43 1645935487.1
44 1645935487.61
45 1645935488.1
46 1645935488.6
47 1645935489.1
48 1645935489.6
49 1645935490.1
50 1645935490.6
51 1645935491.1
52 1645935491.61
53 1645935492.11
54 1645935492.61
