1 1645935466.110000 40072.184692 40005.611572 0.348822 0.000000 0.000000 0.685691 0.727893
2 1645935466.600000 40072.016585 40005.621699 0.345152 0.000914 0.000865 0.685719 0.727865
3 1645935467.110000 40071.195131 40005.670504 0.345643 0.000761 0.000760 0.686119 0.727489
4 1645935467.610000 40069.961044 40005.739883 0.347044 0.000365 0.000455 0.688175 0.725545
5 1645935468.110000 40068.351825 40005.820530 0.346140 0.000561 0.000666 0.690466 0.723365
6 1645935468.610000 40066.352792 40005.908312 0.347090 0.000294 0.000436 0.692735 0.721191
7 1645935469.110000 40064.114927 40005.992490 0.346415 0.000427 0.000602 0.695126 0.718888
8 1645935469.600000 40061.690336 40006.068076 0.347939 0.000112 0.000304 0.697365 0.716716
9 1645935470.110000 40058.909218 40006.137310 0.347251 0.000224 0.000428 0.699620 0.714515
10 1645935470.610000 40055.896860 40006.193842 0.347648 0.000094 0.000311 0.701765 0.712409
11 1645935471.100000 40052.806783 40006.234431 0.347248 0.000189 0.000385 0.703568 0.710627
12 1645935471.610000 40049.392242 40006.262662 0.347177 0.000197 0.000376 0.705191 0.709017
13 1645935472.110000 40045.847382 40006.277030 0.347455 0.000121 0.000279 0.706507 0.707706
14 1645935472.610000 40042.175153 40006.279669 0.347172 0.000199 0.000313 0.707435 0.706779
15 1645935473.100000 40038.262224 40006.272832 0.345882 0.000468 0.000587 0.708300 0.705912
16 1645935473.600000 40034.080223 40006.256494 0.347528 0.000079 0.000152 0.708835 0.705375
17 1645935474.100000 40029.836629 40006.234180 0.347456 0.000100 0.000150 0.709212 0.704996
18 1645935474.600000 40025.508695 40006.207462 0.347371 0.000121 0.000148 0.709430 0.704776
19 1645935475.100000 40021.108985 40006.178070 0.347476 0.000097 0.000106 0.709530 0.704675
20 1645935475.600000 40016.654211 40006.147372 0.347489 0.000092 0.000090 0.709552 0.704653
21 1645935476.100000 40012.153620 40006.116099 0.347721 0.000035 0.000023 0.709539 0.704666
22 1645935476.610000 40007.570394 40006.084960 0.347952 -0.000014 -0.000037 0.709428 0.704778
23 1645935477.110000 40003.107560 40006.056067 0.347834 0.000020 -0.000007 0.709307 0.704900
24 1645935477.600000 39998.737231 40006.029387 0.347861 0.000016 -0.000014 0.709163 0.705045
25 1645935478.100000 39994.295130 40006.004105 0.347888 0.000010 -0.000019 0.709015 0.705193
26 1645935478.600000 39989.858929 40005.980736 0.347805 0.000031 0.000002 0.708864 0.705346
27 1645935479.110000 39985.339010 40005.958810 0.347987 -0.000013 -0.000040 0.708727 0.705483
28 1645935479.600000 39981.018788 40005.939438 0.348229 -0.000068 -0.000097 0.708595 0.705616
29 1645935480.100000 39976.727353 40005.921884 0.348770 -0.000187 -0.000209 0.708469 0.705742
30 1645935480.600000 39972.550184 40005.905960 0.348569 -0.000127 -0.000149 0.708387 0.705825
31 1645935481.100000 39968.482593 40005.891552 0.348579 -0.000119 -0.000134 0.708309 0.705903
32 1645935481.600000 39964.532148 40005.878337 0.348909 -0.000185 -0.000202 0.708227 0.705985
33 1645935482.100000 39960.712940 40005.866487 0.348870 -0.000162 -0.000179 0.708140 0.706072
34 1645935482.600000 39957.026805 40005.856016 0.349100 -0.000202 -0.000222 0.708031 0.706181
35 1645935483.110000 39953.420109 40005.846944 0.349167 -0.000203 -0.000223 0.707908 0.706304
36 1645935483.600000 39950.098246 40005.839801 0.349217 -0.000201 -0.000222 0.707771 0.706442
37 1645935484.110000 39946.787801 40005.834028 0.349266 -0.000199 -0.000221 0.707619 0.706595
38 1645935484.600000 39943.750501 40005.830067 0.349435 -0.000229 -0.000250 0.707467 0.706747
39 1645935485.110000 39940.769477 40005.827491 0.350119 -0.000380 -0.000400 0.707293 0.706920
40 1645935485.600000 39938.142241 40005.826439 0.350179 -0.000378 -0.000395 0.707152 0.707062
41 1645935486.100000 39935.717208 40005.826418 0.349611 -0.000283 -0.000296 0.707024 0.707190
42 1645935486.600000 39933.476897 40005.827169 0.349866 -0.000318 -0.000329 0.706907 0.707306
43 1645935487.100000 39931.538256 40005.828419 0.350163 -0.000373 -0.000379 0.706809 0.707405
44 1645935487.610000 39929.754575 40005.830057 0.349657 -0.000243 -0.000248 0.706728 0.707485
45 1645935488.100000 39928.207688 40005.831794 0.349803 -0.000271 -0.000275 0.706663 0.707551
46 1645935488.600000 39926.816526 40005.833599 0.349907 -0.000289 -0.000291 0.706607 0.707606
47 1645935489.100000 39925.620803 40005.835311 0.349940 -0.000291 -0.000292 0.706565 0.707648
48 1645935489.600000 39924.614737 40005.836863 0.349831 -0.000259 -0.000259 0.706537 0.707676
49 1645935490.100000 39923.768911 40005.838215 0.349734 -0.000231 -0.000231 0.706521 0.707692
50 1645935490.600000 39923.074742 40005.839357 0.349721 -0.000225 -0.000225 0.706505 0.707708
51 1645935491.100000 39922.528933 40005.840321 0.349705 -0.000219 -0.000219 0.706502 0.707711
52 1645935491.610000 39922.357463 40005.840523 0.351120 -0.000552 -0.000552 0.706477 0.707736
53 1645935492.110000 39922.357653 40005.840523 0.348898 -0.000020 -0.000020 0.706477 0.707736
54 1645935492.610000 39922.357658 40005.840523 0.348823 -0.000001 0.000000 0.706477 0.707736
