1 1645935506.11
2 1645935506.6
3 1645935507.1
4 1645935507.6
5 1645935508.11
6 1645935508.6
7 1645935509.1
8 1645935509.6
9 1645935510.1
10 1645935510.6
11 1645935511.11
12 1645935511.6
13 1645935512.1
14 1645935512.61
15 1645935513.1
16 1645935513.6
17 1645935514.1
18 1645935514.6
19 1645935515.1
20 1645935515.6
21 1645935516.11
22 1645935516.6
23 1645935517.1
24 1645935517.61
25 1645935518.1
26 1645935518.6
27 1645935519.1
28 1645935519.6
29 1645935520.1
30 1645935520.6
31 1645935521.1
32 1645935521.6
33 1645935522.1
34 1645935522.6
35 1645935523.11
36 1645935523.6
37 1645935524.1
