1 1645935506.110000 39894.494530 40005.887115 0.348822 0.000000 0.000000 0.706595 0.707619
2 1645935506.600000 39894.282199 40005.887412 0.344792 0.000977 0.000977 0.706590 0.707622
3 1645935507.100000 39893.414056 40005.888688 0.346114 0.000641 0.000646 0.706634 0.707578
4 1645935507.600000 39892.167296 40005.890173 0.347015 0.000412 0.000418 0.706768 0.707445
5 1645935508.110000 39890.482367 40005.891569 0.345921 0.000661 0.000668 0.706908 0.707305
6 1645935508.600000 39888.483668 40005.892475 0.347148 0.000344 0.000350 0.707015 0.707199
7 1645935509.100000 39886.202525 40005.892898 0.346559 0.000469 0.000476 0.707112 0.707101
8 1645935509.600000 39883.704024 40005.892681 0.347589 0.000302 0.000308 0.707188 0.707026
9 1645935510.100000 39880.934728 40005.891891 0.346802 0.000431 0.000434 0.707260 0.706953
10 1645935510.600000 39877.904115 40005.890497 0.347679 0.000194 0.000194 0.707291 0.706923
11 1645935511.110000 39874.638124 40005.888809 0.347305 0.000269 0.000266 0.707298 0.706915
12 1645935511.600000 39871.317398 40005.887132 0.347501 0.000207 0.000199 0.707273 0.706941
13 1645935512.100000 39867.824517 40005.885760 0.347647 0.000164 0.000153 0.707213 0.707000
14 1645935512.610000 39864.118502 40005.885025 0.347488 0.000198 0.000167 0.707069 0.707145
15 1645935513.100000 39860.472787 40005.886157 0.347794 0.000109 0.000092 0.706916 0.707298
16 1645935513.600000 39856.689301 40005.888391 0.347714 0.000122 0.000105 0.706847 0.707366
17 1645935514.100000 39852.856344 40005.891691 0.348318 -0.000028 -0.000050 0.706713 0.707500
18 1645935514.600000 39849.125288 40005.896255 0.349035 -0.000190 -0.000211 0.706586 0.707627
19 1645935515.100000 39845.540409 40005.901909 0.349147 -0.000203 -0.000224 0.706455 0.707758
20 1645935515.600000 39842.102278 40005.908664 0.349201 -0.000202 -0.000222 0.706315 0.707897
21 1645935516.110000 39838.745544 40005.916599 0.349251 -0.000202 -0.000219 0.706176 0.708036
22 1645935516.600000 39835.660750 40005.924862 0.349298 -0.000204 -0.000214 0.706125 0.708088
23 1645935517.100000 39832.659427 40005.933568 0.349428 -0.000220 -0.000236 0.705989 0.708223
24 1645935517.610000 39829.823997 40005.942840 0.350735 -0.000523 -0.000534 0.705864 0.708347
25 1645935518.100000 39827.353138 40005.951684 0.349300 -0.000243 -0.000250 0.705792 0.708419
26 1645935518.600000 39825.014711 40005.960470 0.350077 -0.000381 -0.000385 0.705730 0.708481
27 1645935519.100000 39822.922131 40005.968630 0.350267 -0.000410 -0.000411 0.705698 0.708513
28 1645935519.600000 39821.048105 40005.976074 0.349753 -0.000275 -0.000275 0.705689 0.708521
29 1645935520.100000 39819.356350 40005.982787 0.349829 -0.000284 -0.000283 0.705698 0.708513
30 1645935520.600000 39817.859766 40005.988671 0.349918 -0.000298 -0.000296 0.705717 0.708494
31 1645935521.100000 39816.561457 40005.993689 0.349961 -0.000301 -0.000299 0.705747 0.708464
32 1645935521.600000 39815.460916 40005.997835 0.349956 -0.000293 -0.000291 0.705782 0.708429
33 1645935522.100000 39814.539133 40006.001232 0.349766 -0.000241 -0.000240 0.705799 0.708412
34 1645935522.600000 39813.772387 40006.004017 0.349732 -0.000230 -0.000229 0.705821 0.708391
35 1645935523.110000 39813.144383 40006.006273 0.349704 -0.000220 -0.000219 0.705845 0.708367
36 1645935523.600000 39812.683826 40006.007946 0.349711 -0.000219 -0.000218 0.705881 0.708331
37 1645935524.100000 39812.603209 40006.008224 0.350152 -0.000316 -0.000322 0.705885 0.708327
