1 1645935326.610000 39802.754180 40002.293406 0.352805 0.000708 0.000708 0.706442 0.707771
2 1645935327.100000 39802.007427 40002.294846 0.352174 0.000846 0.000849 0.706479 0.707733
3 1645935327.600000 39800.819861 40002.296704 0.353197 0.000423 0.000397 0.706682 0.707532
4 1645935328.100000 39799.282351 40002.298182 0.352782 -0.000214 -0.000197 0.706925 0.707289
5 1645935328.600000 39797.317427 40002.298633 0.346609 0.000446 0.000467 0.707188 0.707025
6 1645935329.100000 39795.112009 40002.297497 0.346496 0.000463 0.000487 0.707471 0.706742
7 1645935329.600000 39792.643934 40002.294121 0.347953 0.000196 0.000224 0.707794 0.706419
8 1645935330.100000 39789.897849 40002.287768 0.347386 0.000271 0.000305 0.708151 0.706061
9 1645935330.600000 39786.949893 40002.278059 0.346484 0.000469 0.000509 0.708510 0.705700
10 1645935331.100000 39783.746177 40002.264125 0.347286 0.000252 0.000294 0.708890 0.705320
11 1645935331.600000 39780.341726 40002.245741 0.347133 0.000270 0.000313 0.709256 0.704951
12 1645935332.100000 39776.746521 40002.222683 0.347157 0.000246 0.000287 0.709586 0.704619
13 1645935332.600000 39773.036095 40002.195625 0.347749 0.000096 0.000129 0.709857 0.704345
14 1645935333.110000 39769.187536 40002.164774 0.347788 0.000085 0.000109 0.710071 0.704130
15 1645935333.600000 39765.422960 40002.132604 0.347648 0.000114 0.000132 0.710220 0.703980
16 1645935334.100000 39761.527851 40002.097862 0.348295 -0.000043 -0.000037 0.710305 0.703894
17 1645935334.600000 39757.725304 40002.063206 0.348858 -0.000165 -0.000165 0.710339 0.703859
18 1645935335.100000 39754.057409 40002.029477 0.349106 -0.000208 -0.000214 0.710346 0.703853
19 1645935335.600000 39750.537608 40001.997207 0.349172 -0.000210 -0.000217 0.710324 0.703875
20 1645935336.110000 39747.097542 40001.965861 0.349224 -0.000206 -0.000217 0.710291 0.703908
21 1645935336.600000 39743.934023 40001.937417 0.349294 -0.000211 -0.000221 0.710245 0.703955
22 1645935337.100000 39740.863365 40001.910139 0.349461 -0.000237 -0.000246 0.710211 0.703989
23 1645935337.600000 39738.000639 40001.884963 0.350489 -0.000471 -0.000480 0.710177 0.704023
24 1645935338.100000 39735.379009 40001.862137 0.349615 -0.000241 -0.000247 0.710164 0.704036
