1 1645934762.6
2 1645934763.1
3 1645934763.6
4 1645934764.1
5 1645934764.6
6 1645934765.1
7 1645934765.6
8 1645934766.1
9 1645934766.6
10 1645934767.1
11 1645934767.6
12 1645934768.1
13 1645934768.6
14 1645934769.11
15 1645934769.6
16 1645934770.1
17 1645934770.6
18 1645934771.1
19 1645934771.6
20 1645934772.1
21 1645934772.6
22 1645934773.1
23 1645934773.6
24 1645934774.1
25 1645934774.6
26 1645934775.11
27 1645934775.6
28 1645934776.1
29 1645934776.6
30 1645934777.1
31 1645934777.6
32 1645934778.11
33 1645934778.6
34 1645934779.1
35 1645934779.6
36 1645934780.1
37 1645934780.6
