1 1645934762.600000 39710.980957 39997.500031 0.348822 0.000000 0.000000 -0.707108 0.707106
2 1645934763.100000 39711.061828 39997.499939 0.346296 0.000616 -0.000615 -0.707077 0.707136
3 1645934763.600000 39711.781827 39997.500031 0.345270 0.000855 -0.000844 -0.707010 0.707203
4 1645934764.100000 39712.926823 39997.500903 0.346904 0.000467 -0.000431 -0.706500 0.707712
5 1645934764.600000 39714.451840 39997.504776 0.345778 0.000724 -0.000685 -0.705830 0.708381
6 1645934765.100000 39716.403120 39997.513243 0.346662 0.000491 -0.000449 -0.705212 0.708997
7 1645934765.600000 39718.583920 39997.526277 0.346661 0.000484 -0.000438 -0.704654 0.709550
8 1645934766.100000 39721.055383 39997.544830 0.347955 0.000226 -0.000184 -0.704133 0.710068
9 1645934766.600000 39723.747921 39997.568802 0.346757 0.000465 -0.000417 -0.703645 0.710551
10 1645934767.100000 39726.655349 39997.598397 0.346774 0.000446 -0.000403 -0.703248 0.710945
11 1645934767.600000 39729.771203 39997.633409 0.347578 0.000228 -0.000191 -0.702907 0.711282
12 1645934768.100000 39732.981719 39997.672385 0.347916 0.000134 -0.000106 -0.702631 0.711555
13 1645934768.600000 39736.270078 39997.714458 0.347719 0.000169 -0.000152 -0.702474 0.711710
14 1645934769.110000 39739.727205 39997.760234 0.347556 0.000201 -0.000181 -0.702291 0.711890
15 1645934769.600000 39743.178371 39997.807514 0.347729 0.000141 -0.000131 -0.702173 0.712007
16 1645934770.100000 39746.770709 39997.857685 0.347832 0.000107 -0.000102 -0.702115 0.712063
17 1645934770.600000 39750.417550 39997.909095 0.348215 0.000003 -0.000006 -0.702104 0.712075
18 1645934771.100000 39753.975825 39997.959201 0.349115 -0.000208 0.000197 -0.702145 0.712034
19 1645934771.600000 39757.388033 39998.006776 0.349209 -0.000220 0.000203 -0.702219 0.711961
20 1645934772.100000 39760.655457 39998.051480 0.349258 -0.000221 0.000200 -0.702340 0.711842
21 1645934772.600000 39763.779204 39998.093046 0.349306 -0.000222 0.000196 -0.702503 0.711681
22 1645934773.100000 39766.757802 39998.131197 0.349361 -0.000224 0.000196 -0.702698 0.711488
23 1645934773.600000 39769.516637 39998.164915 0.349932 -0.000343 0.000314 -0.702929 0.711260
24 1645934774.100000 39772.063763 39998.194380 0.349424 -0.000287 0.000261 -0.703154 0.711038
25 1645934774.600000 39774.340905 39998.219244 0.349940 -0.000358 0.000334 -0.703391 0.710804
26 1645934775.110000 39776.454750 39998.240918 0.349892 -0.000330 0.000308 -0.703624 0.710573
27 1645934775.600000 39778.256665 39998.258244 0.349787 -0.000290 0.000272 -0.703835 0.710364
28 1645934776.100000 39779.924825 39998.273287 0.349741 -0.000269 0.000254 -0.704040 0.710160
29 1645934776.600000 39781.410262 39998.285833 0.349876 -0.000293 0.000280 -0.704231 0.709971
30 1645934777.100000 39782.701302 39998.296087 0.349928 -0.000297 0.000287 -0.704400 0.709803
31 1645934777.600000 39783.800370 39998.304316 0.349925 -0.000288 0.000281 -0.704546 0.709658
32 1645934778.110000 39784.741664 39998.311047 0.349742 -0.000237 0.000234 -0.704622 0.709583
33 1645934778.600000 39785.496485 39998.316295 0.349717 -0.000228 0.000224 -0.704691 0.709514
34 1645934779.100000 39786.120660 39998.320517 0.349695 -0.000219 0.000216 -0.704764 0.709442
35 1645934779.600000 39786.601776 39998.323661 0.349688 -0.000214 0.000212 -0.704821 0.709385
36 1645934780.100000 39786.715433 39998.324387 0.350494 -0.000403 0.000400 -0.704835 0.709371
37 1645934780.600000 39786.715377 39998.324387 0.348870 -0.000013 0.000013 -0.704834 0.709372
