1 1645934883.1
2 1645934883.6
3 1645934884.1
4 1645934884.6
5 1645934885.1
6 1645934885.6
7 1645934886.1
8 1645934886.6
9 1645934887.11
10 1645934887.6
11 1645934888.1
12 1645934888.6
13 1645934889.11
14 1645934889.6
15 1645934890.1
16 1645934890.61
17 1645934891.1
18 1645934891.6
19 1645934892.1
20 1645934892.6
21 1645934893.1
22 1645934893.6
23 1645934894.09
24 1645934894.6
25 1645934895.1
26 1645934895.6
27 1645934896.1
28 1645934896.6
29 1645934897.11
30 1645934897.6
31 1645934898.1
32 1645934898.6
33 1645934899.1
34 1645934899.6
35 1645934900.1
36 1645934900.6
37 1645934901.1
