1 1645934883.100000 40087.892408 39998.039603 0.346575 0.000548 -0.000548 -0.707250 0.706963
2 1645934883.600000 40088.582677 39998.039313 0.345433 0.000815 -0.000807 -0.707183 0.707030
3 1645934884.100000 40089.719221 39998.039521 0.346136 0.000649 -0.000619 -0.706768 0.707445
4 1645934884.600000 40091.216818 39998.041892 0.346068 0.000651 -0.000621 -0.706245 0.707967
5 1645934885.100000 40093.154564 39998.047802 0.346516 0.000524 -0.000488 -0.705719 0.708492
6 1645934885.600000 40095.337512 39998.057535 0.346788 0.000450 -0.000409 -0.705231 0.708978
7 1645934886.100000 40097.779838 39998.071816 0.347645 0.000253 -0.000209 -0.704730 0.709475
8 1645934886.600000 40100.449490 39998.091212 0.347308 0.000342 -0.000292 -0.704212 0.709990
9 1645934887.110000 40103.434005 39998.117112 0.347511 0.000268 -0.000217 -0.703726 0.710471
10 1645934887.600000 40106.508402 39998.147909 0.347590 0.000228 -0.000183 -0.703279 0.710914
11 1645934888.100000 40109.816268 39998.184848 0.347380 0.000264 -0.000216 -0.702889 0.711299
12 1645934888.600000 40113.315632 39998.227730 0.347103 0.000310 -0.000270 -0.702541 0.711644
13 1645934889.110000 40117.047602 39998.276841 0.347322 0.000241 -0.000201 -0.702231 0.711949
14 1645934889.600000 40120.875005 39998.330438 0.345891 0.000556 -0.000519 -0.701962 0.712214
15 1645934890.100000 40125.011572 39998.390967 0.347422 0.000156 -0.000136 -0.701812 0.712363
16 1645934890.610000 40129.294254 39998.455290 0.347604 0.000100 -0.000089 -0.701714 0.712459
17 1645934891.100000 40133.462398 39998.518949 0.347586 0.000093 -0.000091 -0.701647 0.712525
18 1645934891.600000 40137.773716 39998.584804 0.347476 0.000105 -0.000119 -0.701736 0.712437
19 1645934892.100000 40142.160293 39998.650902 0.347341 0.000127 -0.000143 -0.701804 0.712371
20 1645934892.600000 40146.618373 39998.716993 0.347503 0.000071 -0.000103 -0.701953 0.712224
21 1645934893.100000 40151.040278 39998.780245 0.348641 -0.000204 0.000162 -0.702195 0.711985
22 1645934893.600000 40155.323744 39998.839000 0.348766 -0.000218 0.000176 -0.702388 0.711795
23 1645934894.090000 40159.394500 39998.892365 0.348762 -0.000205 0.000158 -0.702631 0.711554
24 1645934894.600000 40163.485900 39998.943134 0.348969 -0.000238 0.000191 -0.702889 0.711299
25 1645934895.100000 40167.342529 39998.987931 0.349052 -0.000241 0.000195 -0.703189 0.711003
26 1645934895.600000 40171.048397 39999.027950 0.349105 -0.000239 0.000192 -0.703480 0.710715
27 1645934896.100000 40174.606206 39999.063258 0.349159 -0.000238 0.000189 -0.703819 0.710380
28 1645934896.600000 40178.017161 39999.094001 0.349210 -0.000235 0.000189 -0.704123 0.710078
29 1645934897.110000 40181.341429 39999.120998 0.349365 -0.000254 0.000216 -0.704416 0.709788
30 1645934897.600000 40184.367974 39999.143113 0.349767 -0.000340 0.000299 -0.704737 0.709468
31 1645934898.100000 40187.201873 39999.161425 0.350292 -0.000448 0.000399 -0.705072 0.709135
32 1645934898.600000 40189.755185 39999.175361 0.349691 -0.000352 0.000332 -0.705310 0.708899
33 1645934899.100000 40192.117232 39999.186956 0.349590 -0.000276 0.000256 -0.705490 0.708719
34 1645934899.600000 40194.241180 39999.196367 0.350154 -0.000390 0.000378 -0.705628 0.708583
35 1645934900.100000 40196.135582 39999.204069 0.349810 -0.000296 0.000284 -0.705761 0.708450
36 1645934900.600000 40197.846203 39999.210423 0.349813 -0.000285 0.000277 -0.705864 0.708347
37 1645934901.100000 40199.361451 39999.215683 0.349940 -0.000303 0.000303 -0.705899 0.708312
