1 1645935151.6
2 1645935152.11
3 1645935152.6
4 1645935153.1
5 1645935153.61
6 1645935154.1
7 1645935154.6
8 1645935155.1
9 1645935155.6
10 1645935156.1
11 1645935156.6
12 1645935157.1
13 1645935157.6
14 1645935158.11
15 1645935158.6
16 1645935159.1
17 1645935159.6
18 1645935160.11
19 1645935160.6
20 1645935161.1
21 1645935161.6
22 1645935162.1
23 1645935162.61
24 1645935163.1
25 1645935163.61
26 1645935164.11
27 1645935164.6
28 1645935165.1
29 1645935165.6
30 1645935166.1
31 1645935166.6
32 1645935167.1
33 1645935167.6
34 1645935168.1
35 1645935168.6
36 1645935169.1
37 1645935169.6
38 1645935170.1
39 1645935170.6
40 1645935171.1
41 1645935171.6
42 1645935172.1
43 1645935172.61
44 1645935173.1
45 1645935173.6
46 1645935174.1
47 1645935174.59
48 1645935175.1
49 1645935175.61
50 1645935176.1
51 1645935176.6
52 1645935177.11
53 1645935177.6
