1 1645935151.600000 40085.344772 39994.241013 0.348822 0.000000 0.000000 -0.706619 0.707594
2 1645935152.110000 40085.506915 39994.241251 0.345111 0.000902 -0.000899 -0.706619 0.707593
3 1645935152.600000 40086.345772 39994.242404 0.345710 0.000747 -0.000734 -0.706538 0.707675
4 1645935153.100000 40087.538244 39994.244755 0.346586 0.000531 -0.000514 -0.706230 0.707983
5 1645935153.610000 40089.184982 39994.249502 0.345885 0.000685 -0.000664 -0.705878 0.708333
6 1645935154.100000 40091.158566 39994.257076 0.346945 0.000412 -0.000383 -0.705532 0.708678
7 1645935154.600000 40093.397157 39994.267954 0.346788 0.000439 -0.000406 -0.705152 0.709056
8 1645935155.100000 40095.865394 39994.282616 0.347881 0.000241 -0.000206 -0.704761 0.709445
9 1645935155.600000 40098.655379 39994.302395 0.347163 0.000360 -0.000315 -0.704306 0.709897
10 1645935156.100000 40101.600852 39994.326827 0.347207 0.000341 -0.000292 -0.703890 0.710309
11 1645935156.600000 40104.762705 39994.356910 0.347098 0.000346 -0.000297 -0.703472 0.710723
12 1645935157.100000 40108.129516 39994.392873 0.347322 0.000272 -0.000228 -0.703068 0.711123
13 1645935157.600000 40111.648018 39994.434117 0.347366 0.000245 -0.000203 -0.702719 0.711467
14 1645935158.110000 40115.392208 39994.481663 0.347152 0.000282 -0.000239 -0.702379 0.711804
15 1645935158.600000 40119.281378 39994.534454 0.346150 0.000486 -0.000450 -0.702119 0.712060
16 1645935159.100000 40123.438878 39994.593451 0.347511 0.000135 -0.000110 -0.701953 0.712223
17 1645935159.600000 40127.652868 39994.655244 0.347600 0.000101 -0.000085 -0.701814 0.712361
18 1645935160.110000 40132.010689 39994.720649 0.347504 0.000114 -0.000105 -0.701719 0.712453
19 1645935160.600000 40136.275376 39994.785540 0.347353 0.000138 -0.000135 -0.701678 0.712494
20 1645935161.100000 40140.701695 39994.853065 0.347445 0.000098 -0.000113 -0.701737 0.712437
21 1645935161.600000 40145.178155 39994.920187 0.347756 0.000016 -0.000031 -0.701838 0.712337
22 1645935162.100000 40149.575442 39994.985048 0.348671 -0.000204 0.000170 -0.701976 0.712200
23 1645935162.610000 40153.924015 39995.046722 0.348650 -0.000189 0.000144 -0.702261 0.711920
24 1645935163.100000 40157.979103 39995.101211 0.348821 -0.000222 0.000165 -0.702561 0.711623
25 1645935163.610000 40162.055491 39995.152232 0.348967 -0.000241 0.000184 -0.702914 0.711275
26 1645935164.110000 40165.897270 39995.196862 0.349062 -0.000243 0.000195 -0.703181 0.711011
27 1645935164.600000 40169.516194 39995.235916 0.349109 -0.000238 0.000192 -0.703488 0.710708
28 1645935165.100000 40173.062890 39995.271301 0.349163 -0.000234 0.000193 -0.703751 0.710446
29 1645935165.600000 40176.463311 39995.302545 0.349214 -0.000232 0.000191 -0.704058 0.710143
30 1645935166.100000 40179.716956 39995.329746 0.349316 -0.000240 0.000206 -0.704312 0.709890
31 1645935166.600000 40182.804912 39995.353402 0.349498 -0.000269 0.000236 -0.704563 0.709642
32 1645935167.100000 40185.680087 39995.373507 0.350154 -0.000409 0.000381 -0.704779 0.709426
33 1645935167.600000 40188.313067 39995.390216 0.350166 -0.000431 0.000410 -0.704981 0.709226
34 1645935168.100000 40190.704809 39995.404264 0.349608 -0.000286 0.000272 -0.705112 0.709096
35 1645935168.600000 40192.837353 39995.415899 0.350251 -0.000438 0.000376 -0.705482 0.708728
36 1645935169.100000 40194.761718 39995.423682 0.349702 -0.000267 0.000263 -0.705833 0.708379
37 1645935169.600000 40196.508427 39995.430143 0.349787 -0.000273 0.000279 -0.705758 0.708452
38 1645935170.100000 40198.062498 39995.436234 0.349924 -0.000299 0.000302 -0.705693 0.708518
39 1645935170.600000 40199.412745 39995.441795 0.349982 -0.000305 0.000308 -0.705621 0.708590
40 1645935171.100000 40200.559170 39995.446729 0.349990 -0.000304 0.000300 -0.705608 0.708603
41 1645935171.600000 40201.515286 39995.450864 0.349823 -0.000256 0.000256 -0.705565 0.708645
42 1645935172.100000 40202.309297 39995.454378 0.349761 -0.000236 0.000237 -0.705527 0.708683
43 1645935172.610000 40202.960685 39995.457340 0.349732 -0.000226 0.000227 -0.705480 0.708730
44 1645935173.100000 40203.424368 39995.459071 0.350749 -0.000476 0.000473 -0.705313 0.708895
45 1645935173.600000 40203.447049 39995.459045 0.349638 -0.000197 0.000196 -0.705277 0.708932
46 1645935174.100000 40203.447051 39995.459045 0.348840 -0.000005 0.000005 -0.705277 0.708932
47 1645935174.590000 40203.447037 39995.459045 0.348822 0.000000 0.000000 -0.705277 0.708932
48 1645935175.100000 40203.447037 39995.459045 0.348822 0.000000 0.000000 -0.705277 0.708932
49 1645935175.610000 40203.447037 39995.459045 0.348822 0.000000 0.000000 -0.705277 0.708932
50 1645935176.100000 40203.447037 39995.459045 0.348822 0.000000 0.000000 -0.705277 0.708932
51 1645935176.600000 40203.447037 39995.459045 0.348822 0.000000 0.000000 -0.705277 0.708932
52 1645935177.110000 40203.447037 39995.459045 0.348822 0.000000 0.000000 -0.705277 0.708932
53 1645935177.600000 40203.447037 39995.459045 0.348822 0.000000 0.000000 -0.705277 0.708932
