1 1645935552.100000 39803.326233 40006.039261 0.348822 0.000000 0.000000 0.705981 0.708231
2 1645935552.600000 39803.326233 40006.039261 0.348822 0.000000 0.000000 0.705981 0.708231
3 1645935553.100000 39803.259786 40006.039418 0.346413 0.000589 0.000587 0.705969 0.708242
4 1645935553.610000 39802.477803 40006.042020 0.343516 0.001269 0.001277 0.706054 0.708156
5 1645935554.100000 39801.327936 40006.045064 0.348115 0.000148 0.000161 0.706323 0.707890
6 1645935554.600000 39799.901193 40006.047785 0.343526 0.001248 0.001268 0.706649 0.707562
7 1645935555.100000 39797.748303 40006.049613 0.347225 0.000311 0.000339 0.707034 0.707180
8 1645935555.600000 39795.485861 40006.049119 0.347913 0.000132 0.000168 0.707442 0.706772
9 1645935556.100000 39792.971096 40006.045491 0.346178 0.000611 0.000654 0.707919 0.706293
10 1645935556.600000 39790.137315 40006.037676 0.346818 0.000391 0.000442 0.708428 0.705783
11 1645935557.100000 39787.084378 40006.024824 0.347474 0.000213 0.000266 0.708893 0.705316
12 1645935557.600000 39783.836889 40006.006782 0.346873 0.000340 0.000397 0.709392 0.704814
13 1645935558.100000 39780.415091 40005.983108 0.347720 0.000121 0.000174 0.709842 0.704362
14 1645935558.600000 39776.918297 40005.954672 0.347837 0.000090 0.000134 0.710219 0.703980
15 1645935559.100000 39773.330614 40005.921845 0.347331 0.000207 0.000246 0.710552 0.703645
16 1645935559.600000 39769.602587 40005.884583 0.347682 0.000114 0.000140 0.710772 0.703422
17 1645935560.100000 39765.810808 40005.844609 0.347730 0.000101 0.000117 0.710921 0.703272
18 1645935560.610000 39761.878081 40005.801728 0.347911 0.000054 0.000060 0.711001 0.703191
19 1645935561.100000 39758.166356 40005.760610 0.349003 -0.000196 -0.000200 0.711016 0.703175
20 1645935561.610000 39754.455175 40005.719396 0.349129 -0.000207 -0.000221 0.710993 0.703199
21 1645935562.100000 39751.033683 40005.682099 0.349182 -0.000205 -0.000220 0.710878 0.703315
22 1645935562.600000 39747.688608 40005.646318 0.349297 -0.000223 -0.000231 0.710863 0.703331
23 1645935563.100000 39744.513672 40005.612557 0.349494 -0.000255 -0.000263 0.710851 0.703343
24 1645935563.610000 39741.492967 40005.580580 0.350033 -0.000364 -0.000374 0.710800 0.703394
25 1645935564.100000 39738.854526 40005.552919 0.350824 -0.000552 -0.000562 0.710779 0.703415
26 1645935564.600000 39736.420799 40005.527559 0.349495 -0.000256 -0.000262 0.710765 0.703429
27 1645935565.110000 39734.130095 40005.503765 0.350186 -0.000399 -0.000405 0.710745 0.703449
28 1645935565.610000 39732.155813 40005.483367 0.349795 -0.000288 -0.000292 0.710734 0.703461
29 1645935566.110000 39730.362824 40005.464890 0.349765 -0.000272 -0.000276 0.710724 0.703471
30 1645935566.600000 39728.788241 40005.448722 0.349900 -0.000296 -0.000300 0.710715 0.703480
