1 1645935247.11
2 1645935247.61
3 1645935248.1
4 1645935248.6
5 1645935249.1
6 1645935249.61
7 1645935250.1
8 1645935250.61
9 1645935251.1
10 1645935251.6
11 1645935252.11
12 1645935252.6
13 1645935253.1
14 1645935253.6
15 1645935254.1
16 1645935254.6
17 1645935255.1
18 1645935255.61
19 1645935256.1
20 1645935256.61
21 1645935257.11
22 1645935257.59
23 1645935258.1
24 1645935258.62
25 1645935259.11
26 1645935259.61
27 1645935260.1
28 1645935260.6
29 1645935261.1
30 1645935261.6
31 1645935262.11
32 1645935262.6
33 1645935263.1
34 1645935263.6
35 1645935264.1
36 1645935264.6
37 1645935265.1
38 1645935265.6
39 1645935266.1
40 1645935266.6
41 1645935267.11
42 1645935267.6
43 1645935268.1
44 1645935268.6
45 1645935269.1
46 1645935269.61
47 1645935270.1
48 1645935270.6
49 1645935271.11
50 1645935271.6
51 1645935272.11
