1 1645935247.110000 40075.031754 40002.394859 0.348822 0.000000 -0.000000 0.711424 0.702764
2 1645935247.610000 40074.948101 40002.393881 0.346029 0.000676 0.000685 0.711435 0.702752
3 1645935248.100000 40074.264871 40002.385542 0.345173 0.000871 0.000879 0.711424 0.702762
4 1645935248.600000 40073.106045 40002.371613 0.346749 0.000486 0.000480 0.711247 0.702942
5 1645935249.100000 40071.581004 40002.354230 0.346034 0.000647 0.000639 0.711015 0.703177
6 1645935249.610000 40069.583078 40002.332799 0.346703 0.000465 0.000450 0.710745 0.703450
7 1645935250.100000 40067.432613 40002.311368 0.346680 0.000465 0.000445 0.710467 0.703731
8 1645935250.610000 40064.900782 40002.288269 0.347917 0.000226 0.000198 0.710137 0.704064
9 1645935251.100000 40062.289220 40002.266855 0.346657 0.000485 0.000455 0.709823 0.704380
10 1645935251.600000 40059.343677 40002.245324 0.346878 0.000408 0.000375 0.709498 0.704707
11 1645935252.110000 40056.150434 40002.224891 0.347398 0.000270 0.000235 0.709176 0.705032
12 1645935252.600000 40052.889447 40002.206786 0.347033 0.000340 0.000305 0.708903 0.705306
13 1645935253.100000 40049.371133 40002.189913 0.347316 0.000253 0.000219 0.708642 0.705568
14 1645935253.600000 40045.719648 40002.174939 0.347257 0.000254 0.000222 0.708423 0.705788
15 1645935254.100000 40041.782053 40002.161188 0.345870 0.000552 0.000522 0.708229 0.705983
16 1645935254.600000 40037.626875 40002.148893 0.347492 0.000144 0.000110 0.708021 0.706192
17 1645935255.100000 40033.414883 40002.138632 0.347600 0.000108 0.000079 0.707865 0.706348
18 1645935255.610000 40029.059489 40002.129935 0.347517 0.000121 0.000093 0.707713 0.706500
19 1645935256.100000 40024.797942 40002.123183 0.347347 0.000152 0.000125 0.707579 0.706635
20 1645935256.610000 40020.286467 40002.117784 0.347458 0.000115 0.000090 0.707446 0.706768
21 1645935257.110000 40015.807972 40002.113933 0.347477 0.000102 0.000080 0.707343 0.706870
22 1645935257.590000 40011.469883 40002.111300 0.347760 0.000025 0.000009 0.707281 0.706933
23 1645935258.100000 40006.881410 40002.109168 0.347782 0.000018 0.000012 0.707269 0.706945
24 1645935258.620000 40002.217039 40002.106863 0.347891 -0.000013 -0.000007 0.707330 0.706884
25 1645935259.110000 39997.841775 40002.103699 0.347881 -0.000015 0.000004 0.707462 0.706752
26 1645935259.610000 39993.388072 40002.098421 0.347854 -0.000012 0.000018 0.707681 0.706532
27 1645935260.100000 39989.037509 40002.090333 0.348012 -0.000056 -0.000009 0.707979 0.706234
28 1645935260.600000 39984.603183 40002.077939 0.347869 -0.000026 0.000029 0.708355 0.705857
29 1645935261.100000 39980.181901 40002.060783 0.348045 -0.000069 -0.000009 0.708757 0.705452
30 1645935261.600000 39975.828969 40002.038831 0.348694 -0.000217 -0.000158 0.709163 0.705045
31 1645935262.110000 39971.528016 40002.012215 0.348650 -0.000185 -0.000137 0.709539 0.704666
32 1645935262.600000 39967.486131 40001.983308 0.348764 -0.000195 -0.000163 0.709794 0.704409
33 1645935263.100000 39963.498183 40001.952244 0.348932 -0.000210 -0.000197 0.709942 0.704260
34 1645935263.600000 39959.640526 40001.921024 0.348854 -0.000168 -0.000174 0.709966 0.704237
35 1645935264.100000 39955.910289 40001.891097 0.349042 -0.000190 -0.000215 0.709845 0.704358
36 1645935264.600000 39952.324847 40001.863965 0.349147 -0.000193 -0.000234 0.709600 0.704605
37 1645935265.100000 39948.886588 40001.840776 0.349200 -0.000186 -0.000239 0.709240 0.704967
38 1645935265.600000 39945.593041 40001.822191 0.349249 -0.000181 -0.000240 0.708803 0.705407
39 1645935266.100000 39942.445072 40001.808589 0.349376 -0.000197 -0.000261 0.708316 0.705896
40 1645935266.600000 39939.455956 40001.799949 0.349519 -0.000218 -0.000280 0.707782 0.706431
41 1645935267.110000 39936.676245 40001.796111 0.349833 -0.000277 -0.000328 0.707271 0.706943
42 1645935267.600000 39934.228789 40001.796127 0.349635 -0.000298 -0.000341 0.706819 0.707394
43 1645935268.100000 39931.940891 40001.799009 0.350274 -0.000409 -0.000445 0.706387 0.707826
44 1645935268.600000 39929.915748 40001.803935 0.350001 -0.000330 -0.000356 0.706020 0.708192
45 1645935269.100000 39928.086399 40001.810194 0.349746 -0.000261 -0.000281 0.705702 0.708509
46 1645935269.610000 39926.411416 40001.817366 0.349878 -0.000287 -0.000301 0.705424 0.708786
47 1645935270.100000 39924.996884 40001.824440 0.349939 -0.000295 -0.000305 0.705200 0.709009
48 1645935270.600000 39923.752491 40001.831407 0.349981 -0.000300 -0.000306 0.705014 0.709194
49 1645935271.110000 39922.687573 40001.837872 0.349925 -0.000282 -0.000283 0.704866 0.709341
50 1645935271.600000 39921.831906 40001.843329 0.349762 -0.000239 -0.000239 0.704805 0.709401
51 1645935272.110000 39921.099198 40001.848132 0.349732 -0.000228 -0.000228 0.704731 0.709474
