1 1645934950.6
2 1645934951.1
3 1645934951.6
4 1645934952.11
5 1645934952.61
6 1645934953.1
7 1645934953.6
8 1645934954.11
9 1645934954.61
10 1645934955.11
11 1645934955.6
12 1645934956.1
13 1645934956.6
14 1645934957.11
15 1645934957.6
16 1645934958.11
17 1645934958.6
18 1645934959.1
19 1645934959.6
20 1645934960.1
21 1645934960.6
22 1645934961.11
23 1645934961.6
24 1645934962.1
25 1645934962.6
26 1645934963.11
27 1645934963.6
28 1645934964.1
29 1645934964.61
30 1645934965.1
31 1645934965.6
32 1645934966.1
33 1645934966.6
34 1645934967.1
35 1645934967.6
36 1645934968.1
37 1645934968.61
38 1645934969.1
39 1645934969.6
40 1645934970.1
