1 1645934950.600000 39804.385941 39994.420074 0.348822 0.000000 0.000000 -0.748961 0.662614
2 1645934951.100000 39804.385941 39994.420074 0.348822 0.000000 0.000000 -0.748961 0.662614
3 1645934951.600000 39804.385941 39994.420074 0.348822 0.000000 0.000000 -0.748961 0.662614
4 1645934952.110000 39804.385941 39994.420074 0.348822 0.000000 0.000000 -0.748961 0.662614
5 1645934952.610000 39804.437448 39994.413745 0.346667 0.000493 -0.000557 -0.748959 0.662616
6 1645934953.100000 39805.163188 39994.324581 0.344225 0.001029 -0.001162 -0.748936 0.662640
7 1645934953.600000 39806.210985 39994.197326 0.348686 0.000685 0.000576 -0.743524 0.668708
8 1645934954.110000 39807.265663 39994.120594 0.348805 -0.000225 -0.000192 -0.725320 0.688412
9 1645934954.610000 39808.296068 39994.067528 0.348871 0.000468 0.000500 -0.720987 0.692948
10 1645934955.110000 39809.316192 39994.039911 0.348816 -0.000140 -0.000109 -0.715623 0.698487
11 1645934955.600000 39810.308070 39994.015744 0.348822 -0.000021 0.000008 -0.715623 0.698488
12 1645934956.100000 39811.304627 39994.000717 0.349020 0.000907 0.001044 -0.700591 0.713562
13 1645934956.600000 39812.287848 39994.052159 0.348503 -0.000233 -0.000381 -0.682826 0.730581
14 1645934957.110000 39813.912181 39994.161801 0.343868 0.001161 -0.001144 -0.682767 0.730635
15 1645934957.600000 39815.813777 39994.290755 0.348486 0.000004 -0.000060 -0.682894 0.730517
16 1645934958.110000 39817.773001 39994.398423 0.348723 0.000001 0.000058 -0.690533 0.723301
17 1645934958.600000 39819.638832 39994.484964 0.348723 -0.000030 0.000023 -0.690563 0.723272
18 1645934959.100000 39821.522623 39994.545160 0.348736 -0.000019 0.000039 -0.700679 0.713477
19 1645934959.600000 39823.502034 39994.580823 0.344678 0.000976 -0.000936 -0.700656 0.713498
20 1645934960.100000 39826.566673 39994.636455 0.340606 0.001933 -0.001886 -0.700545 0.713603
21 1645934960.600000 39830.404381 39994.707427 0.347546 0.000155 -0.000152 -0.700519 0.713633
22 1645934961.110000 39834.288315 39994.779384 0.348415 -0.001325 -0.001202 -0.707353 0.706858
23 1645934961.600000 39837.970488 39994.676788 0.348403 -0.000433 -0.000312 -0.722427 0.691447
24 1645934962.100000 39841.689558 39994.513264 0.348409 -0.000069 0.000029 -0.722436 0.691438
25 1645934962.600000 39845.370173 39994.353764 0.348476 0.000934 0.001027 -0.715929 0.698171
26 1645934963.110000 39849.086002 39994.282417 0.348442 0.000038 0.000133 -0.712815 0.701352
27 1645934963.600000 39852.620647 39994.225239 0.348451 -0.000045 0.000050 -0.712820 0.701348
28 1645934964.100000 39856.191690 39994.167329 0.348465 -0.000048 0.000045 -0.712820 0.701347
29 1645934964.610000 39859.797517 39994.108692 0.348480 0.000041 0.000133 -0.712511 0.701661
30 1645934965.100000 39863.224878 39994.094195 0.348500 0.000088 0.000184 -0.705790 0.708421
31 1645934965.600000 39866.687732 39994.107260 0.348503 -0.000041 0.000051 -0.705789 0.708422
32 1645934966.100000 39870.116048 39994.120040 0.348515 -0.000047 0.000044 -0.705792 0.708419
33 1645934966.600000 39873.510541 39994.132666 0.348526 -0.000047 0.000043 -0.705795 0.708417
34 1645934967.100000 39876.871461 39994.145129 0.348538 -0.000046 0.000042 -0.705796 0.708415
35 1645934967.600000 39879.858996 39994.156445 0.357025 -0.002150 0.002134 -0.705870 0.708335
36 1645934968.100000 39881.018908 39994.160823 0.360605 -0.002890 0.002882 -0.705968 0.708232
37 1645934968.610000 39881.036084 39994.160878 0.350046 -0.000302 0.000300 -0.705974 0.708238
38 1645934969.100000 39881.035995 39994.160873 0.348849 -0.000008 0.000008 -0.705974 0.708238
39 1645934969.600000 39881.035995 39994.160873 0.348822 0.000000 0.000000 -0.705974 0.708238
40 1645934970.100000 39881.035995 39994.160873 0.348822 0.000000 0.000000 -0.705974 0.708238
